Time: 0
Waiting Clients: (39,2,1) (1,3,1) (6,6,6) (13,7,3) (33,8,4) (38,9,4) (44,11,6) (8,12,2) (32,12,4) (49,12,1) (25,13,3) (47,13,6) (18,14,5) (5,15,4) (12,16,4) (14,16,5) (37,16,5) (31,17,1) (48,17,2) (16,19,1) (22,20,2) (34,20,1) (24,21,5) (35,21,3) (46,21,4) (3,22,6) (42,24,1) (43,24,1) (9,25,6) (29,25,1) (2,26,6) (27,26,3) (40,26,1) (20,28,2) (28,28,3) (26,29,2) (30,29,1) (50,29,4) (7,30,3) (4,31,2) (23,31,3) (21,32,1) (36,32,1) (41,33,1) (11,35,2) (15,37,4) (45,37,2) (19,38,5) (10,39,4) (17,39,3) 
Queue 1: closed
Queue 2: closed
Queue 3: closed
Queue 4: closed
Queue 5: closed
Time: 1
Waiting Clients: (39,2,1) (1,3,1) (6,6,6) (13,7,3) (33,8,4) (38,9,4) (44,11,6) (8,12,2) (32,12,4) (49,12,1) (25,13,3) (47,13,6) (18,14,5) (5,15,4) (12,16,4) (14,16,5) (37,16,5) (31,17,1) (48,17,2) (16,19,1) (22,20,2) (34,20,1) (24,21,5) (35,21,3) (46,21,4) (3,22,6) (42,24,1) (43,24,1) (9,25,6) (29,25,1) (2,26,6) (27,26,3) (40,26,1) (20,28,2) (28,28,3) (26,29,2) (30,29,1) (50,29,4) (7,30,3) (4,31,2) (23,31,3) (21,32,1) (36,32,1) (41,33,1) (11,35,2) (15,37,4) (45,37,2) (19,38,5) (10,39,4) (17,39,3) 
Queue 1: closed
Queue 2: closed
Queue 3: closed
Queue 4: closed
Queue 5: closed
Time: 2
Waiting Clients: (1,3,1) (6,6,6) (13,7,3) (33,8,4) (38,9,4) (44,11,6) (8,12,2) (32,12,4) (49,12,1) (25,13,3) (47,13,6) (18,14,5) (5,15,4) (12,16,4) (14,16,5) (37,16,5) (31,17,1) (48,17,2) (16,19,1) (22,20,2) (34,20,1) (24,21,5) (35,21,3) (46,21,4) (3,22,6) (42,24,1) (43,24,1) (9,25,6) (29,25,1) (2,26,6) (27,26,3) (40,26,1) (20,28,2) (28,28,3) (26,29,2) (30,29,1) (50,29,4) (7,30,3) (4,31,2) (23,31,3) (21,32,1) (36,32,1) (41,33,1) (11,35,2) (15,37,4) (45,37,2) (19,38,5) (10,39,4) (17,39,3) 
Queue 1: closed
Queue 2: closed
Queue 3: closed
Queue 4: closed
Queue 5: closed
Time: 3
Waiting Clients: (6,6,6) (13,7,3) (33,8,4) (38,9,4) (44,11,6) (8,12,2) (32,12,4) (49,12,1) (25,13,3) (47,13,6) (18,14,5) (5,15,4) (12,16,4) (14,16,5) (37,16,5) (31,17,1) (48,17,2) (16,19,1) (22,20,2) (34,20,1) (24,21,5) (35,21,3) (46,21,4) (3,22,6) (42,24,1) (43,24,1) (9,25,6) (29,25,1) (2,26,6) (27,26,3) (40,26,1) (20,28,2) (28,28,3) (26,29,2) (30,29,1) (50,29,4) (7,30,3) (4,31,2) (23,31,3) (21,32,1) (36,32,1) (41,33,1) (11,35,2) (15,37,4) (45,37,2) (19,38,5) (10,39,4) (17,39,3) 
Queue 1: closed
Queue 2: closed
Queue 3: closed
Queue 4: closed
Queue 5: closed
Time: 4
Waiting Clients: (6,6,6) (13,7,3) (33,8,4) (38,9,4) (44,11,6) (8,12,2) (32,12,4) (49,12,1) (25,13,3) (47,13,6) (18,14,5) (5,15,4) (12,16,4) (14,16,5) (37,16,5) (31,17,1) (48,17,2) (16,19,1) (22,20,2) (34,20,1) (24,21,5) (35,21,3) (46,21,4) (3,22,6) (42,24,1) (43,24,1) (9,25,6) (29,25,1) (2,26,6) (27,26,3) (40,26,1) (20,28,2) (28,28,3) (26,29,2) (30,29,1) (50,29,4) (7,30,3) (4,31,2) (23,31,3) (21,32,1) (36,32,1) (41,33,1) (11,35,2) (15,37,4) (45,37,2) (19,38,5) (10,39,4) (17,39,3) 
Queue 1: closed
Queue 2: closed
Queue 3: closed
Queue 4: closed
Queue 5: closed
Time: 5
Waiting Clients: (6,6,6) (13,7,3) (33,8,4) (38,9,4) (44,11,6) (8,12,2) (32,12,4) (49,12,1) (25,13,3) (47,13,6) (18,14,5) (5,15,4) (12,16,4) (14,16,5) (37,16,5) (31,17,1) (48,17,2) (16,19,1) (22,20,2) (34,20,1) (24,21,5) (35,21,3) (46,21,4) (3,22,6) (42,24,1) (43,24,1) (9,25,6) (29,25,1) (2,26,6) (27,26,3) (40,26,1) (20,28,2) (28,28,3) (26,29,2) (30,29,1) (50,29,4) (7,30,3) (4,31,2) (23,31,3) (21,32,1) (36,32,1) (41,33,1) (11,35,2) (15,37,4) (45,37,2) (19,38,5) (10,39,4) (17,39,3) 
Queue 1: closed
Queue 2: closed
Queue 3: closed
Queue 4: closed
Queue 5: closed
Time: 6
Waiting Clients: (13,7,3) (33,8,4) (38,9,4) (44,11,6) (8,12,2) (32,12,4) (49,12,1) (25,13,3) (47,13,6) (18,14,5) (5,15,4) (12,16,4) (14,16,5) (37,16,5) (31,17,1) (48,17,2) (16,19,1) (22,20,2) (34,20,1) (24,21,5) (35,21,3) (46,21,4) (3,22,6) (42,24,1) (43,24,1) (9,25,6) (29,25,1) (2,26,6) (27,26,3) (40,26,1) (20,28,2) (28,28,3) (26,29,2) (30,29,1) (50,29,4) (7,30,3) (4,31,2) (23,31,3) (21,32,1) (36,32,1) (41,33,1) (11,35,2) (15,37,4) (45,37,2) (19,38,5) (10,39,4) (17,39,3) 
Queue 1: closed
Queue 2: closed
Queue 3: closed
Queue 4: closed
Queue 5: (6,6,6) 
Time: 7
Waiting Clients: (33,8,4) (38,9,4) (44,11,6) (8,12,2) (32,12,4) (49,12,1) (25,13,3) (47,13,6) (18,14,5) (5,15,4) (12,16,4) (14,16,5) (37,16,5) (31,17,1) (48,17,2) (16,19,1) (22,20,2) (34,20,1) (24,21,5) (35,21,3) (46,21,4) (3,22,6) (42,24,1) (43,24,1) (9,25,6) (29,25,1) (2,26,6) (27,26,3) (40,26,1) (20,28,2) (28,28,3) (26,29,2) (30,29,1) (50,29,4) (7,30,3) (4,31,2) (23,31,3) (21,32,1) (36,32,1) (41,33,1) (11,35,2) (15,37,4) (45,37,2) (19,38,5) (10,39,4) (17,39,3) 
Queue 1: closed
Queue 2: closed
Queue 3: closed
Queue 4: (13,7,3) 
Queue 5: (6,6,6) 
Time: 8
Waiting Clients: (38,9,4) (44,11,6) (8,12,2) (32,12,4) (49,12,1) (25,13,3) (47,13,6) (18,14,5) (5,15,4) (12,16,4) (14,16,5) (37,16,5) (31,17,1) (48,17,2) (16,19,1) (22,20,2) (34,20,1) (24,21,5) (35,21,3) (46,21,4) (3,22,6) (42,24,1) (43,24,1) (9,25,6) (29,25,1) (2,26,6) (27,26,3) (40,26,1) (20,28,2) (28,28,3) (26,29,2) (30,29,1) (50,29,4) (7,30,3) (4,31,2) (23,31,3) (21,32,1) (36,32,1) (41,33,1) (11,35,2) (15,37,4) (45,37,2) (19,38,5) (10,39,4) (17,39,3) 
Queue 1: closed
Queue 2: closed
Queue 3: (33,8,4) 
Queue 4: (13,7,3) 
Queue 5: (6,6,6) 
Time: 9
Waiting Clients: (44,11,6) (8,12,2) (32,12,4) (49,12,1) (25,13,3) (47,13,6) (18,14,5) (5,15,4) (12,16,4) (14,16,5) (37,16,5) (31,17,1) (48,17,2) (16,19,1) (22,20,2) (34,20,1) (24,21,5) (35,21,3) (46,21,4) (3,22,6) (42,24,1) (43,24,1) (9,25,6) (29,25,1) (2,26,6) (27,26,3) (40,26,1) (20,28,2) (28,28,3) (26,29,2) (30,29,1) (50,29,4) (7,30,3) (4,31,2) (23,31,3) (21,32,1) (36,32,1) (41,33,1) (11,35,2) (15,37,4) (45,37,2) (19,38,5) (10,39,4) (17,39,3) 
Queue 1: closed
Queue 2: (38,9,4) 
Queue 3: (33,8,4) 
Queue 4: closed
Queue 5: (6,6,6) 
Time: 10
Waiting Clients: (44,11,6) (8,12,2) (32,12,4) (49,12,1) (25,13,3) (47,13,6) (18,14,5) (5,15,4) (12,16,4) (14,16,5) (37,16,5) (31,17,1) (48,17,2) (16,19,1) (22,20,2) (34,20,1) (24,21,5) (35,21,3) (46,21,4) (3,22,6) (42,24,1) (43,24,1) (9,25,6) (29,25,1) (2,26,6) (27,26,3) (40,26,1) (20,28,2) (28,28,3) (26,29,2) (30,29,1) (50,29,4) (7,30,3) (4,31,2) (23,31,3) (21,32,1) (36,32,1) (41,33,1) (11,35,2) (15,37,4) (45,37,2) (19,38,5) (10,39,4) (17,39,3) 
Queue 1: closed
Queue 2: (38,9,4) 
Queue 3: (33,8,4) 
Queue 4: closed
Queue 5: (6,6,6) 
Time: 11
Waiting Clients: (8,12,2) (32,12,4) (49,12,1) (25,13,3) (47,13,6) (18,14,5) (5,15,4) (12,16,4) (14,16,5) (37,16,5) (31,17,1) (48,17,2) (16,19,1) (22,20,2) (34,20,1) (24,21,5) (35,21,3) (46,21,4) (3,22,6) (42,24,1) (43,24,1) (9,25,6) (29,25,1) (2,26,6) (27,26,3) (40,26,1) (20,28,2) (28,28,3) (26,29,2) (30,29,1) (50,29,4) (7,30,3) (4,31,2) (23,31,3) (21,32,1) (36,32,1) (41,33,1) (11,35,2) (15,37,4) (45,37,2) (19,38,5) (10,39,4) (17,39,3) 
Queue 1: closed
Queue 2: (38,9,4) 
Queue 3: closed
Queue 4: (44,11,6) 
Queue 5: closed
Time: 12
Waiting Clients: (25,13,3) (47,13,6) (18,14,5) (5,15,4) (12,16,4) (14,16,5) (37,16,5) (31,17,1) (48,17,2) (16,19,1) (22,20,2) (34,20,1) (24,21,5) (35,21,3) (46,21,4) (3,22,6) (42,24,1) (43,24,1) (9,25,6) (29,25,1) (2,26,6) (27,26,3) (40,26,1) (20,28,2) (28,28,3) (26,29,2) (30,29,1) (50,29,4) (7,30,3) (4,31,2) (23,31,3) (21,32,1) (36,32,1) (41,33,1) (11,35,2) (15,37,4) (45,37,2) (19,38,5) (10,39,4) (17,39,3) 
Queue 1: closed
Queue 2: closed
Queue 3: (32,12,4) 
Queue 4: (44,11,6) 
Queue 5: (8,12,2) 
Time: 13
Waiting Clients: (18,14,5) (5,15,4) (12,16,4) (14,16,5) (37,16,5) (31,17,1) (48,17,2) (16,19,1) (22,20,2) (34,20,1) (24,21,5) (35,21,3) (46,21,4) (3,22,6) (42,24,1) (43,24,1) (9,25,6) (29,25,1) (2,26,6) (27,26,3) (40,26,1) (20,28,2) (28,28,3) (26,29,2) (30,29,1) (50,29,4) (7,30,3) (4,31,2) (23,31,3) (21,32,1) (36,32,1) (41,33,1) (11,35,2) (15,37,4) (45,37,2) (19,38,5) (10,39,4) (17,39,3) 
Queue 1: (47,13,6) 
Queue 2: (25,13,3) 
Queue 3: (32,12,4) 
Queue 4: (44,11,6) 
Queue 5: closed
Time: 14
Waiting Clients: (5,15,4) (12,16,4) (14,16,5) (37,16,5) (31,17,1) (48,17,2) (16,19,1) (22,20,2) (34,20,1) (24,21,5) (35,21,3) (46,21,4) (3,22,6) (42,24,1) (43,24,1) (9,25,6) (29,25,1) (2,26,6) (27,26,3) (40,26,1) (20,28,2) (28,28,3) (26,29,2) (30,29,1) (50,29,4) (7,30,3) (4,31,2) (23,31,3) (21,32,1) (36,32,1) (41,33,1) (11,35,2) (15,37,4) (45,37,2) (19,38,5) (10,39,4) (17,39,3) 
Queue 1: (47,13,6) 
Queue 2: (25,13,3) 
Queue 3: (32,12,4) 
Queue 4: (44,11,6) 
Queue 5: (18,14,5) 
Time: 15
Waiting Clients: (12,16,4) (14,16,5) (37,16,5) (31,17,1) (48,17,2) (16,19,1) (22,20,2) (34,20,1) (24,21,5) (35,21,3) (46,21,4) (3,22,6) (42,24,1) (43,24,1) (9,25,6) (29,25,1) (2,26,6) (27,26,3) (40,26,1) (20,28,2) (28,28,3) (26,29,2) (30,29,1) (50,29,4) (7,30,3) (4,31,2) (23,31,3) (21,32,1) (36,32,1) (41,33,1) (11,35,2) (15,37,4) (45,37,2) (19,38,5) (10,39,4) (17,39,3) 
Queue 1: (47,13,6) 
Queue 2: (5,15,4) 
Queue 3: closed
Queue 4: (44,11,6) 
Queue 5: (18,14,5) 
Time: 16
Waiting Clients: (31,17,1) (48,17,2) (16,19,1) (22,20,2) (34,20,1) (24,21,5) (35,21,3) (46,21,4) (3,22,6) (42,24,1) (43,24,1) (9,25,6) (29,25,1) (2,26,6) (27,26,3) (40,26,1) (20,28,2) (28,28,3) (26,29,2) (30,29,1) (50,29,4) (7,30,3) (4,31,2) (23,31,3) (21,32,1) (36,32,1) (41,33,1) (11,35,2) (15,37,4) (45,37,2) (19,38,5) (10,39,4) (17,39,3) 
Queue 1: (47,13,6) 
Queue 2: (5,15,4) (37,16,5) 
Queue 3: (12,16,4) (14,16,5) 
Queue 4: closed
Queue 5: (18,14,5) 
Time: 17
Waiting Clients: (16,19,1) (22,20,2) (34,20,1) (24,21,5) (35,21,3) (46,21,4) (3,22,6) (42,24,1) (43,24,1) (9,25,6) (29,25,1) (2,26,6) (27,26,3) (40,26,1) (20,28,2) (28,28,3) (26,29,2) (30,29,1) (50,29,4) (7,30,3) (4,31,2) (23,31,3) (21,32,1) (36,32,1) (41,33,1) (11,35,2) (15,37,4) (45,37,2) (19,38,5) (10,39,4) (17,39,3) 
Queue 1: (47,13,6) 
Queue 2: (5,15,4) (37,16,5) 
Queue 3: (12,16,4) (14,16,5) 
Queue 4: (48,17,2) 
Queue 5: (18,14,5) 
Time: 18
Waiting Clients: (16,19,1) (22,20,2) (34,20,1) (24,21,5) (35,21,3) (46,21,4) (3,22,6) (42,24,1) (43,24,1) (9,25,6) (29,25,1) (2,26,6) (27,26,3) (40,26,1) (20,28,2) (28,28,3) (26,29,2) (30,29,1) (50,29,4) (7,30,3) (4,31,2) (23,31,3) (21,32,1) (36,32,1) (41,33,1) (11,35,2) (15,37,4) (45,37,2) (19,38,5) (10,39,4) (17,39,3) 
Queue 1: closed
Queue 2: (5,15,4) (37,16,5) 
Queue 3: (12,16,4) (14,16,5) 
Queue 4: (48,17,2) 
Queue 5: closed
Time: 19
Waiting Clients: (22,20,2) (34,20,1) (24,21,5) (35,21,3) (46,21,4) (3,22,6) (42,24,1) (43,24,1) (9,25,6) (29,25,1) (2,26,6) (27,26,3) (40,26,1) (20,28,2) (28,28,3) (26,29,2) (30,29,1) (50,29,4) (7,30,3) (4,31,2) (23,31,3) (21,32,1) (36,32,1) (41,33,1) (11,35,2) (15,37,4) (45,37,2) (19,38,5) (10,39,4) (17,39,3) 
Queue 1: closed
Queue 2: (37,16,5) 
Queue 3: (14,16,5) 
Queue 4: closed
Queue 5: closed
Time: 20
Waiting Clients: (24,21,5) (35,21,3) (46,21,4) (3,22,6) (42,24,1) (43,24,1) (9,25,6) (29,25,1) (2,26,6) (27,26,3) (40,26,1) (20,28,2) (28,28,3) (26,29,2) (30,29,1) (50,29,4) (7,30,3) (4,31,2) (23,31,3) (21,32,1) (36,32,1) (41,33,1) (11,35,2) (15,37,4) (45,37,2) (19,38,5) (10,39,4) (17,39,3) 
Queue 1: closed
Queue 2: (37,16,5) 
Queue 3: (14,16,5) 
Queue 4: closed
Queue 5: (22,20,2) 
Time: 21
Waiting Clients: (3,22,6) (42,24,1) (43,24,1) (9,25,6) (29,25,1) (2,26,6) (27,26,3) (40,26,1) (20,28,2) (28,28,3) (26,29,2) (30,29,1) (50,29,4) (7,30,3) (4,31,2) (23,31,3) (21,32,1) (36,32,1) (41,33,1) (11,35,2) (15,37,4) (45,37,2) (19,38,5) (10,39,4) (17,39,3) 
Queue 1: (35,21,3) 
Queue 2: (37,16,5) 
Queue 3: (14,16,5) 
Queue 4: (24,21,5) 
Queue 5: (46,21,4) 
Time: 22
Waiting Clients: (42,24,1) (43,24,1) (9,25,6) (29,25,1) (2,26,6) (27,26,3) (40,26,1) (20,28,2) (28,28,3) (26,29,2) (30,29,1) (50,29,4) (7,30,3) (4,31,2) (23,31,3) (21,32,1) (36,32,1) (41,33,1) (11,35,2) (15,37,4) (45,37,2) (19,38,5) (10,39,4) (17,39,3) 
Queue 1: (35,21,3) (3,22,6) 
Queue 2: (37,16,5) 
Queue 3: (14,16,5) 
Queue 4: (24,21,5) 
Queue 5: (46,21,4) 
Time: 23
Waiting Clients: (42,24,1) (43,24,1) (9,25,6) (29,25,1) (2,26,6) (27,26,3) (40,26,1) (20,28,2) (28,28,3) (26,29,2) (30,29,1) (50,29,4) (7,30,3) (4,31,2) (23,31,3) (21,32,1) (36,32,1) (41,33,1) (11,35,2) (15,37,4) (45,37,2) (19,38,5) (10,39,4) (17,39,3) 
Queue 1: (3,22,6) 
Queue 2: (37,16,5) 
Queue 3: (14,16,5) 
Queue 4: (24,21,5) 
Queue 5: (46,21,4) 
Time: 24
Waiting Clients: (9,25,6) (29,25,1) (2,26,6) (27,26,3) (40,26,1) (20,28,2) (28,28,3) (26,29,2) (30,29,1) (50,29,4) (7,30,3) (4,31,2) (23,31,3) (21,32,1) (36,32,1) (41,33,1) (11,35,2) (15,37,4) (45,37,2) (19,38,5) (10,39,4) (17,39,3) 
Queue 1: (3,22,6) 
Queue 2: closed
Queue 3: closed
Queue 4: (24,21,5) 
Queue 5: (46,21,4) (42,24,1) (43,24,1) 
Time: 25
Waiting Clients: (2,26,6) (27,26,3) (40,26,1) (20,28,2) (28,28,3) (26,29,2) (30,29,1) (50,29,4) (7,30,3) (4,31,2) (23,31,3) (21,32,1) (36,32,1) (41,33,1) (11,35,2) (15,37,4) (45,37,2) (19,38,5) (10,39,4) (17,39,3) 
Queue 1: (3,22,6) 
Queue 2: closed
Queue 3: (9,25,6) 
Queue 4: closed
Queue 5: (42,24,1) (43,24,1) 
Time: 26
Waiting Clients: (20,28,2) (28,28,3) (26,29,2) (30,29,1) (50,29,4) (7,30,3) (4,31,2) (23,31,3) (21,32,1) (36,32,1) (41,33,1) (11,35,2) (15,37,4) (45,37,2) (19,38,5) (10,39,4) (17,39,3) 
Queue 1: (3,22,6) 
Queue 2: (27,26,3) 
Queue 3: (9,25,6) 
Queue 4: (2,26,6) 
Queue 5: (43,24,1) (40,26,1) 
Time: 27
Waiting Clients: (20,28,2) (28,28,3) (26,29,2) (30,29,1) (50,29,4) (7,30,3) (4,31,2) (23,31,3) (21,32,1) (36,32,1) (41,33,1) (11,35,2) (15,37,4) (45,37,2) (19,38,5) (10,39,4) (17,39,3) 
Queue 1: (3,22,6) 
Queue 2: (27,26,3) 
Queue 3: (9,25,6) 
Queue 4: (2,26,6) 
Queue 5: (40,26,1) 
Time: 28
Waiting Clients: (26,29,2) (30,29,1) (50,29,4) (7,30,3) (4,31,2) (23,31,3) (21,32,1) (36,32,1) (41,33,1) (11,35,2) (15,37,4) (45,37,2) (19,38,5) (10,39,4) (17,39,3) 
Queue 1: (3,22,6) 
Queue 2: closed
Queue 3: (9,25,6) 
Queue 4: (2,26,6) 
Queue 5: (20,28,2) (28,28,3) 
Time: 29
Waiting Clients: (7,30,3) (4,31,2) (23,31,3) (21,32,1) (36,32,1) (41,33,1) (11,35,2) (15,37,4) (45,37,2) (19,38,5) (10,39,4) (17,39,3) 
Queue 1: closed
Queue 2: (26,29,2) (30,29,1) (50,29,4) 
Queue 3: (9,25,6) 
Queue 4: (2,26,6) 
Queue 5: (20,28,2) (28,28,3) 
Time: 30
Waiting Clients: (4,31,2) (23,31,3) (21,32,1) (36,32,1) (41,33,1) (11,35,2) (15,37,4) (45,37,2) (19,38,5) (10,39,4) (17,39,3) 
Queue 1: (7,30,3) 
Queue 2: (30,29,1) (50,29,4) 
Queue 3: closed
Queue 4: (2,26,6) 
Queue 5: (28,28,3) 
Time: 31
Waiting Clients: (21,32,1) (36,32,1) (41,33,1) (11,35,2) (15,37,4) (45,37,2) (19,38,5) (10,39,4) (17,39,3) 
Queue 1: (7,30,3) 
Queue 2: (50,29,4) 
Queue 3: (4,31,2) (23,31,3) 
Queue 4: closed
Queue 5: (28,28,3) 
Time: 32
Waiting Clients: (41,33,1) (11,35,2) (15,37,4) (45,37,2) (19,38,5) (10,39,4) (17,39,3) 
Queue 1: closed
Queue 2: (50,29,4) 
Queue 3: (23,31,3) 
Queue 4: (36,32,1) 
Queue 5: (28,28,3) 
Time: 33
Waiting Clients: (11,35,2) (15,37,4) (45,37,2) (19,38,5) (10,39,4) (17,39,3) 
Queue 1: closed
Queue 2: (50,29,4) 
Queue 3: (23,31,3) 
Queue 4: closed
Queue 5: closed
Time: 34
Waiting Clients: (11,35,2) (15,37,4) (45,37,2) (19,38,5) (10,39,4) (17,39,3) 
Queue 1: closed
Queue 2: (50,29,4) 
Queue 3: (23,31,3) 
Queue 4: closed
Queue 5: closed
Time: 35
Waiting Clients: (15,37,4) (45,37,2) (19,38,5) (10,39,4) (17,39,3) 
Queue 1: closed
Queue 2: closed
Queue 3: closed
Queue 4: closed
Queue 5: (11,35,2) 
Time: 36
Waiting Clients: (15,37,4) (45,37,2) (19,38,5) (10,39,4) (17,39,3) 
Queue 1: closed
Queue 2: closed
Queue 3: closed
Queue 4: closed
Queue 5: closed
Time: 37
Waiting Clients: (19,38,5) (10,39,4) (17,39,3) 
Queue 1: closed
Queue 2: closed
Queue 3: closed
Queue 4: (45,37,2) 
Queue 5: (15,37,4) 
Time: 38
Waiting Clients: (10,39,4) (17,39,3) 
Queue 1: closed
Queue 2: closed
Queue 3: (19,38,5) 
Queue 4: closed
Queue 5: (15,37,4) 
Time: 39
Waiting Clients: 
Queue 1: closed
Queue 2: (17,39,3) 
Queue 3: (19,38,5) 
Queue 4: (10,39,4) 
Queue 5: (15,37,4) 
Time: 40
Waiting Clients: 
Queue 1: closed
Queue 2: (17,39,3) 
Queue 3: (19,38,5) 
Queue 4: (10,39,4) 
Queue 5: closed
Time: 41
Waiting Clients: 
Queue 1: closed
Queue 2: closed
Queue 3: (19,38,5) 
Queue 4: (10,39,4) 
Queue 5: closed
Time: 42
Waiting Clients: 
Queue 1: closed
Queue 2: closed
Queue 3: closed
Queue 4: closed
Queue 5: closed
Average Processing Time: 3.02
Peak Hour: 17
Average Waiting Time: 0.34
